1774 1086 1867 1086 1867 1133 1774 1133 check_valve 0
1559 5975 1559 6067 1511 6067 1511 5975 check_valve 0
2481 4075 2481 4168 2448 4168 2448 4075 chemical_seal_diaphragm 0
3437 2850 3530 2850 3530 2883 3437 2883 chemical_seal_diaphragm 0
2622 6102 2622 6134 2492 6134 2492 6102 closed_figure_8_blind 0
3873 3445 3873 3398 3921 3398 3921 3445 concentric_reducer 0
3988 3378 3941 3378 3941 3330 3988 3330 concentric_reducer 0
6669 1960 6622 1960 6622 1913 6669 1913 concentric_reducer 0
6487 1913 6534 1913 6534 1960 6487 1960 concentric_reducer 0
4833 5811 4881 5811 4881 5858 4833 5858 concentric_reducer 0
5016 5858 4968 5858 4968 5811 5016 5811 concentric_reducer 0
3212 3724 3212 3771 3165 3771 3165 3724 concentric_reducer 0
5809 2479 6095 2479 6095 2576 5809 2576 desuperheater 0
5002 1979 5154 1979 5154 2131 5002 2131 discrete_instruments_field_mounted 0
5238 2256 5391 2256 5391 2408 5238 2408 discrete_instruments_field_mounted 0
5002 2256 5154 2256 5154 2408 5002 2408 discrete_instruments_field_mounted 0
4128 2730 4280 2730 4280 2883 4128 2883 discrete_instruments_field_mounted 0
4400 2730 4552 2730 4552 2883 4400 2883 discrete_instruments_field_mounted 0
4364 2258 4517 2258 4517 2410 4364 2410 discrete_instruments_field_mounted 0
3939 2258 4091 2258 4091 2410 3939 2410 discrete_instruments_field_mounted 0
4057 4636 4210 4636 4210 4788 4057 4788 discrete_instruments_field_mounted 0
4411 5565 4564 5565 4564 5717 4411 5717 discrete_instruments_field_mounted 0
4293 4637 4446 4637 4446 4789 4293 4789 discrete_instruments_field_mounted 0
3408 2616 3560 2616 3560 2769 3408 2769 discrete_instruments_field_mounted 0
2919 2687 3072 2687 3072 2840 2919 2840 discrete_instruments_field_mounted 0
2215 4046 2367 4046 2367 4198 2215 4198 discrete_instruments_field_mounted 0
2919 4046 3072 4046 3072 4198 2919 4198 discrete_instruments_field_mounted 0
2919 3868 3072 3868 3072 4021 2919 4021 discrete_instruments_field_mounted 0
2328 3868 2480 3868 2480 4021 2328 4021 discrete_instruments_field_mounted 0
3230 2730 3383 2730 3383 2883 3230 2883 discrete_instruments_field_mounted 0
6155 2551 6138 2551 6138 2503 6155 2503 flange 0
5929 2398 5929 2416 5881 2416 5881 2398 flange 0
5749 2503 5767 2503 5767 2551 5749 2551 flange 0
4076 4441 4059 4441 4059 4393 4076 4393 flange 0
4076 5031 4059 5031 4059 4984 4076 4984 flange 0
2622 6087 2622 6104 2574 6104 2574 6087 flange 0
2574 3628 2574 3610 2622 3610 2622 3628 flange 0
3212 3301 3212 3319 3165 3319 3165 3301 flange 0
3755 5497 3755 5479 3803 5479 3803 5497 flange 0
3803 3986 3803 4003 3755 4003 3755 3986 flange 0
3921 4017 3921 4034 3873 4034 3873 4017 flange 0
3165 3643 3165 3625 3212 3625 3212 3643 flange 0
3070 3316 3070 3334 3023 3334 3023 3316 flange 0
4076 4960 4059 4960 4059 4913 4076 4913 flange 0
4076 4559 4059 4559 4059 4511 4076 4511 flange 0
1583 1086 1676 1086 1676 1133 1583 1133 gate_valve 0
3873 3698 3873 3606 3921 3606 3921 3698 gate_valve 0
6957 1913 7050 1913 7050 1960 6957 1960 gate_valve 0
6768 1913 6861 1913 6861 1960 6768 1960 gate_valve 0
6105 1913 6197 1913 6197 1960 6105 1960 gate_valve 0
6296 1913 6388 1913 6388 1960 6296 1960 gate_valve 0
6624 2196 6532 2196 6532 2149 6624 2149 gate_valve 0
6861 2196 6768 2196 6768 2149 6861 2149 gate_valve 0
7276 2503 7368 2503 7368 2551 7276 2551 gate_valve 0
4642 6000 4735 6000 4735 6047 4642 6047 gate_valve 0
4642 5811 4735 5811 4735 5858 4642 5858 gate_valve 0
5115 5811 5207 5811 5207 5858 5115 5858 gate_valve 0
1559 6166 1559 6259 1511 6259 1511 6166 gate_valve 0
2622 6124 2622 6217 2574 6217 2574 6124 gate_valve 0
6532 1913 6624 1913 6624 1960 6532 1960 globe_valve 0
4878 5811 4971 5811 4971 5858 4878 5858 globe_valve 0
6386 2196 6294 2196 6294 2149 6386 2149 globe_valve 0
4878 6000 4971 6000 4971 6047 4878 6047 globe_valve 0
7723 6276 8268 6276 8268 6338 7723 6338 off_page_connector 0
7735 1315 8281 1315 8281 1377 7735 1377 off_page_connector 0
7727 2968 8273 2968 8273 3031 7727 3031 off_page_connector 0
235 724 780 724 780 787 235 787 off_page_connector 0
235 6276 781 6276 781 6338 235 6338 off_page_connector 0
7735 1079 8281 1079 8281 1141 7735 1141 off_page_connector 0
7735 1551 8281 1551 8281 1613 7735 1613 off_page_connector 0
2386 5954 2266 5954 2266 5787 2386 5787 open_drain_connectors 0
3082 3628 3082 3595 3212 3595 3212 3628 open_figure_8_blind 0
3295 3316 3295 3349 3165 3349 3165 3316 open_figure_8_blind 0
3673 5482 3673 5449 3803 5449 3803 5482 open_figure_8_blind 0
3803 4001 3803 4033 3673 4033 3673 4001 open_figure_8_blind 0
3873 3263 3959 3263 3959 3400 3873 3400 pressure_relief_or_safety_valve 0
4671 2258 4824 2258 4824 2410 4671 2410 shared_display_and_control_primary_location_normally_accessible_to_an_operator 0
3939 1979 4091 1979 4091 2131 3939 2131 shared_display_and_control_primary_location_normally_accessible_to_an_operator 0
4848 4637 5001 4637 5001 4789 4848 4789 shared_display_and_control_primary_location_normally_accessible_to_an_operator 0
4565 4637 4717 4637 4717 4789 4565 4789 shared_display_and_control_primary_location_normally_accessible_to_an_operator 0
4671 2730 4824 2730 4824 2883 4671 2883 shared_display_and_control_primary_location_normally_accessible_to_an_operator 0
5510 1695 5662 1695 5662 1847 5510 1847 shared_display_and_control_primary_location_normally_accessible_to_an_operator 0
5002 1695 5154 1695 5154 1847 5002 1847 shared_display_and_control_primary_location_normally_accessible_to_an_operator 0
5510 2256 5662 2256 5662 2408 5510 2408 shared_display_and_control_primary_location_normally_accessible_to_an_operator 0
1971 5833 2091 5833 2091 5954 1971 5954 utility_conenction 0
7760 1997 7640 1997 7640 1876 7760 1876 utility_conenction 0
7760 2587 7640 2587 7640 2467 7760 2467 utility_conenction 0
5965 5895 5845 5895 5845 5774 5965 5774 utility_conenction 0
2242 4239 2363 4239 2363 4359 2242 4359 utility_conenction 0
3721 2765 3601 2765 3601 2644 3721 2644 utility_conenction 0
4487 2573 4394 2573 4394 2481 4487 2481 vortex 0
4998 4562 5076 4562 5076 4639 4998 4639 function_low_signal_selector 0
5660 1620 5737 1620 5737 1697 5660 1697 function_unspecified 0
3896 3512 3896 3479 4016 3479 4016 3512 gate_valve_with_plug 0
1654 6102 1654 6135 1534 6135 1534 6102 gate_valve_with_plug 0
4767 5833 4800 5833 4800 5954 4767 5954 gate_valve_with_plug 0
5050 5833 5083 5833 5083 5954 5050 5954 gate_valve_with_plug 0
4767 6022 4800 6022 4800 6143 4767 6143 gate_valve_with_plug 0
6453 2292 6420 2292 6420 2172 6453 2172 gate_valve_with_plug 0
6736 2292 6703 2292 6703 2172 6736 2172 gate_valve_with_plug 0
7188 2526 7221 2526 7221 2646 7188 2646 gate_valve_with_plug 0
6420 1935 6453 1935 6453 2056 6420 2056 gate_valve_with_plug 0
6704 1935 6737 1935 6737 2056 6704 2056 gate_valve_with_plug 0
6893 1935 6926 1935 6926 2056 6893 2056 gate_valve_with_plug 0
1708 1109 1741 1109 1741 1229 1708 1229 gate_valve_with_plug 0
6231 1935 6264 1935 6264 2056 6231 2056 gate_valve_with_plug 0
3095 3568 2549 3568 2549 3376 3095 3376 shell_type_e 0
3542 4061 4016 4061 4016 5422 3542 5422 vertical_drum 0
1489 5884 1489 6067 1269 6067 1269 5884 spec_break 0
5925 1841 6287 1841 6287 1896 5925 1896 spec_break 0
3804 3096 3954 3096 3954 3246 3804 3246 annotation 0
6648 1713 6798 1713 6798 1863 6648 1863 annotation 0
5002 5611 5152 5611 5152 5761 5002 5761 annotation 0
4213 2329 4363 2329 4363 2479 4213 2479 annotation 0
5050 1989 5106 1989 5106 2037 5050 2037 text 0
5046 2072 5111 2072 5111 2120 5046 2120 text 0
5058 2031 5099 2031 5099 2079 5058 2079 text 0
5287 2267 5342 2267 5342 2315 5287 2315 text 0
5282 2350 5347 2350 5347 2397 5282 2397 text 0
5293 2308 5336 2308 5336 2356 5293 2356 text 0
5050 2267 5106 2267 5106 2315 5050 2315 text 0
5046 2350 5111 2350 5111 2397 5046 2397 text 0
5057 2308 5099 2308 5099 2356 5057 2356 text 0
4176 2741 4232 2741 4232 2789 4176 2789 text 0
4165 2824 4243 2824 4243 2872 4165 2872 text 0
4183 2783 4225 2783 4225 2830 4183 2830 text 0
4448 2741 4504 2741 4504 2789 4448 2789 text 0
4437 2824 4515 2824 4515 2872 4437 2872 text 0
4455 2783 4496 2783 4496 2830 4455 2830 text 0
4413 2269 4468 2269 4468 2317 4413 2317 text 0
4402 2352 4479 2352 4479 2399 4402 2399 text 0
4420 2310 4461 2310 4461 2358 4420 2358 text 0
3987 2269 4043 2269 4043 2317 3987 2317 text 0
3976 2352 4054 2352 4054 2399 3976 2399 text 0
3994 2310 4036 2310 4036 2358 3994 2358 text 0
4105 4647 4161 4647 4161 4695 4105 4695 text 0
4095 4730 4172 4730 4172 4777 4095 4777 text 0
4111 4688 4156 4688 4156 4736 4111 4736 text 0
4460 5576 4515 5576 4515 5624 4460 5624 text 0
4449 5659 4526 5659 4526 5706 4449 5706 text 0
4462 5617 4514 5617 4514 5665 4462 5665 text 0
4342 4648 4397 4648 4397 4695 4342 4695 text 0
4331 4730 4408 4730 4408 4778 4331 4778 text 0
4350 4689 4389 4689 4389 4737 4350 4737 text 0
4474 3127 4643 3127 4643 3270 4474 3270 text 0
7724 6229 8267 6229 8267 6277 7724 6277 text 0
7724 6337 8267 6337 8267 6384 7724 6384 text 0
7736 6283 7877 6283 7877 6331 7736 6331 text 0
7901 6283 8232 6283 8232 6331 7901 6331 text 0
1901 5957 2161 5957 2161 6007 1901 6007 text 0
1974 5898 2087 5898 2087 5948 1974 5948 text 0
1974 5838 2087 5838 2087 5889 1974 5889 text 0
7736 1220 8279 1220 8279 1316 7736 1316 text 0
7736 1376 8279 1376 8279 1424 7736 1424 text 0
7748 1322 7890 1322 7890 1370 7748 1370 text 0
7913 1322 8244 1322 8244 1370 7913 1370 text 0
7570 2000 7830 2000 7830 2050 7570 2050 text 0
7644 1941 7757 1941 7757 1991 7644 1991 text 0
7644 1881 7757 1881 7757 1933 7644 1933 text 0
7570 2590 7830 2590 7830 2641 7570 2641 text 0
7644 2531 7757 2531 7757 2582 7644 2582 text 0
7644 2472 7757 2472 7757 2523 7644 2523 text 0
5775 5898 6035 5898 6035 5948 5775 5948 text 0
5848 5839 5961 5839 5961 5889 5848 5889 text 0
5848 5779 5961 5779 5961 5830 5848 5830 text 0
7729 2922 8272 2922 8272 2969 7729 2969 text 0
7729 3030 8272 3030 8272 3077 7729 3077 text 0
7740 2975 7882 2975 7882 3024 7740 3024 text 0
7906 2975 8236 2975 8236 3024 7906 3024 text 0
2270 5898 2383 5898 2383 5948 2270 5948 text 0
2270 5838 2383 5838 2383 5889 2270 5889 text 0
236 677 779 677 779 725 236 725 text 0
236 785 779 785 779 833 236 833 text 0
248 731 389 731 389 780 248 780 text 0
413 731 744 731 744 780 413 780 text 0
236 6181 779 6181 779 6277 236 6277 text 0
236 6337 779 6337 779 6384 236 6384 text 0
248 6283 390 6283 390 6331 248 6331 text 0
413 6283 744 6283 744 6331 413 6331 text 0
7736 984 8279 984 8279 1079 7736 1079 text 0
7736 1140 8279 1140 8279 1187 7736 1187 text 0
7748 1086 7890 1086 7890 1134 7748 1134 text 0
7913 1086 8244 1086 8244 1134 7913 1134 text 0
7736 1504 8279 1504 8279 1552 7736 1552 text 0
7736 1612 8279 1612 8279 1660 7736 1660 text 0
7748 1558 7890 1558 7890 1606 7748 1606 text 0
7913 1558 8244 1558 8244 1606 7913 1606 text 0
6533 1995 6625 1995 6625 2043 6533 2043 text 0
5526 1642 5646 1642 5646 1690 5526 1690 text 0
5889 2738 6009 2738 6009 2786 5889 2786 text 0
5317 5840 5623 5840 5623 5888 5317 5888 text 0
3367 5304 3424 5304 3424 5352 3367 5352 text 0
4408 4586 4528 4586 4528 4633 4408 4633 text 0
3328 5523 3328 5384 3375 5384 3375 5523 text 0
4425 4625 4506 4625 4506 4673 4425 4673 text 0
3253 5508 3253 5388 3300 5388 3300 5508 text 0
4154 4322 4274 4322 4274 4369 4154 4369 text 0
3255 4546 3255 4426 3302 4426 3302 4546 text 0
4183 4606 4258 4606 4258 4654 4183 4654 text 0
4880 5893 4972 5893 4972 5941 4880 5941 text 0
7154 1116 7320 1116 7320 1164 7154 1164 text 0
7154 1352 7320 1352 7320 1400 7154 1400 text 0
7154 1588 7320 1588 7320 1636 7154 1636 text 0
1467 3565 1467 3400 1515 3400 1515 3565 text 0
2266 5962 2386 5962 2386 6010 2266 6010 text 0
1971 6008 2090 6008 2090 6055 1971 6055 text 0
2623 4946 2623 4780 2671 4780 2671 4946 text 0
7167 2938 7620 2938 7620 2986 7167 2986 text 0
805 702 1191 702 1191 750 805 750 text 0
7151 1048 7536 1048 7536 1096 7151 1096 text 0
7154 1285 7540 1285 7540 1332 7154 1332 text 0
7158 1521 7544 1521 7544 1569 7158 1569 text 0
4911 5955 4941 5955 4941 6003 4911 6003 text 0
806 6245 1277 6245 1277 6293 806 6293 text 0
4057 4241 4318 4241 4318 4303 4057 4303 text 0
3851 3106 3907 3106 3907 3154 3851 3154 text 0
3846 3147 3912 3147 3912 3195 3846 3195 text 0
3840 3189 3918 3189 3918 3237 3840 3237 text 0
4017 3300 4473 3300 4473 3348 4017 3348 text 0
1405 6216 1405 6116 1452 6116 1452 6216 text 0
2692 6253 2692 6152 2740 6152 2740 6253 text 0
6772 2104 6860 2104 6860 2152 6772 2152 text 0
5843 2390 5843 1904 5891 1904 5891 2390 text 0
6551 1958 6605 1958 6605 2005 6551 2005 text 0
6695 1723 6751 1723 6751 1771 6695 1771 text 0
6701 1764 6744 1764 6744 1812 6701 1812 text 0
6690 1805 6755 1805 6755 1853 6690 1853 text 0
6535 2105 6623 2105 6623 2152 6535 2152 text 0
6421 1868 6556 1868 6556 1915 6421 1915 text 0
6648 1870 6783 1870 6783 1918 6648 1918 text 0
6298 2466 6778 2466 6778 2514 6298 2514 text 0
6296 2105 6384 2105 6384 2152 6296 2152 text 0
5813 2655 6070 2655 6070 2717 5813 2717 text 0
3966 3883 4428 3883 4428 3930 3966 3930 text 0
4991 5765 5068 5765 5068 5813 4991 5813 text 0
4796 5765 4873 5765 4873 5813 4796 5813 text 0
5049 5621 5105 5621 5105 5669 5049 5669 text 0
5056 5663 5098 5663 5098 5710 5056 5710 text 0
5038 5704 5116 5704 5116 5752 5038 5752 text 0
4898 5855 4952 5855 4952 5903 4898 5903 text 0
4674 5955 4705 5955 4705 6003 4674 6003 text 0
2546 4946 2546 4493 2594 4493 2594 4946 text 0
2669 4946 2669 4878 2716 4878 2716 4946 text 0
3917 3674 3917 3631 3965 3631 3965 3674 text 0
3948 3380 4025 3380 4025 3428 3948 3428 text 0
3813 3452 3813 3375 3861 3375 3861 3452 text 0
3843 3675 3843 3630 3891 3630 3891 3675 text 0
3870 5601 4334 5601 4334 5648 3870 5648 text 0
3726 5741 3726 5673 3774 5673 3774 5741 text 0
7158 6245 7630 6245 7630 6293 7158 6293 text 0
3752 4066 3803 4066 3803 4114 3752 4114 text 0
3870 4081 3921 4081 3921 4129 3870 4129 text 0
3752 5356 3803 5356 3803 5404 3752 5404 text 0
3423 4934 3472 4934 3472 4982 3423 4982 text 0
3222 3720 3300 3720 3300 3767 3222 3767 text 0
7151 1164 7219 1164 7219 1211 7151 1211 text 0
7154 1403 7223 1403 7223 1451 7154 1451 text 0
7158 1641 7226 1641 7226 1689 7158 1689 text 0
1549 3515 1549 3447 1596 3447 1596 3515 text 0
3469 4388 3469 4309 3508 4309 3508 4388 text 0
3839 5423 3869 5423 3869 5471 3839 5471 text 0
3723 3920 3723 3458 3771 3458 3771 3920 text 0
805 768 874 768 874 815 805 815 text 0
7119 1949 7187 1949 7187 1997 7119 1997 text 0
7119 1875 7605 1875 7605 1923 7119 1923 text 0
6298 2539 6366 2539 6366 2587 6298 2587 text 0
2443 5549 2474 5549 2474 5597 2443 5597 text 0
5319 5773 5783 5773 5783 5821 5319 5821 text 0
5319 5892 5387 5892 5387 5939 5319 5939 text 0
3260 2466 3722 2466 3722 2514 3260 2514 text 0
4260 2339 4315 2339 4315 2386 4260 2386 text 0
4266 2380 4309 2380 4309 2428 4266 2428 text 0
4249 2421 4326 2421 4326 2469 4249 2469 text 0
3260 2539 3328 2539 3328 2587 3260 2587 text 0
3659 4982 3873 4982 3873 5029 3659 5029 text 0
1670 1213 1670 1154 1718 1154 1718 1213 text 0
6194 2040 6194 1981 6242 1981 6242 2040 text 0
6383 2040 6383 1981 6431 1981 6431 2040 text 0
6666 2040 6666 1981 6714 1981 6714 2040 text 0
6855 2040 6855 1981 6903 1981 6903 2040 text 0
6383 2276 6383 2217 6431 2217 6431 2276 text 0
6666 2276 6666 2217 6714 2217 6714 2276 text 0
7151 2630 7151 2572 7198 2572 7198 2630 text 0
3945 3442 4003 3442 4003 3490 3945 3490 text 0
1593 6064 1651 6064 1651 6112 1593 6112 text 0
4729 5937 4729 5879 4777 5879 4777 5937 text 0
5013 5937 5013 5879 5061 5879 5061 5937 text 0
4729 6126 4729 6068 4777 6068 4777 6126 text 0
5031 6377 5131 6377 5131 6425 5031 6425 text 0
2692 5917 2692 5817 2740 5817 2740 5917 text 0
5350 2574 5520 2574 5520 2622 5350 2622 text 0
2976 318 3096 318 3096 366 2976 366 text 0
4843 2255 4887 2255 4887 2303 4843 2303 text 0
4843 2361 4891 2361 4891 2409 4843 2409 text 0
5174 1799 5218 1799 5218 1846 5174 1846 text 0
3412 4885 3471 4885 3471 4932 3412 4932 text 0
3969 3105 4144 3105 4144 3152 3969 3152 text 0
3969 3152 4320 3152 4320 3200 3969 3200 text 0
3969 3199 4028 3199 4028 3247 3969 3247 text 0
5517 1858 5560 1858 5560 1905 5517 1905 text 0
1280 762 1446 762 1446 809 1280 809 text 0
3890 3025 4056 3025 4056 3072 3890 3072 text 0
3785 3919 3785 3621 3833 3621 3833 3919 text 0
4438 3360 4558 3360 4558 3408 4438 3408 text 0
1666 1000 1736 1000 1736 1048 1666 1048 text 0
2541 388 3043 388 3043 435 2541 435 text 0
2663 304 2921 304 2921 366 2663 366 text 0
2373 3229 2631 3229 2631 3292 2373 3292 text 0
3021 3377 3071 3377 3071 3425 3021 3425 text 0
3163 3377 3212 3377 3212 3425 3163 3425 text 0
3163 3519 3212 3519 3212 3566 3163 3566 text 0
2572 3519 2622 3519 2622 3566 2572 3566 text 0
2818 3305 2898 3305 2898 3344 2818 3344 text 0
4720 2262 4775 2262 4775 2310 4720 2310 text 0
4709 2353 4786 2353 4786 2401 4709 2401 text 0
4721 2302 4774 2302 4774 2350 4721 2350 text 0
4104 1966 4128 1966 4128 2014 4104 2014 text 0
3987 1983 4043 1983 4043 2031 3987 2031 text 0
3976 2074 4054 2074 4054 2122 3976 2122 text 0
4000 2023 4031 2023 4031 2071 4000 2071 text 0
4897 4641 4953 4641 4953 4689 4897 4689 text 0
4886 4732 4963 4732 4963 4780 4886 4780 text 0
4903 4681 4946 4681 4946 4729 4903 4729 text 0
4730 4754 4748 4754 4748 4802 4730 4802 text 0
4613 4641 4669 4641 4669 4689 4613 4689 text 0
4602 4732 4680 4732 4680 4780 4602 4780 text 0
4615 4681 4667 4681 4667 4729 4615 4729 text 0
4720 2735 4775 2735 4775 2783 4720 2783 text 0
4709 2826 4786 2826 4786 2873 4709 2873 text 0
4721 2775 4774 2775 4774 2823 4721 2823 text 0
5558 1700 5614 1700 5614 1747 5558 1747 text 0
5554 1790 5619 1790 5619 1838 5554 1838 text 0
5565 1740 5607 1740 5607 1787 5565 1787 text 0
5050 1700 5106 1700 5106 1747 5050 1747 text 0
5046 1790 5111 1790 5111 1838 5046 1838 text 0
5051 1740 5105 1740 5105 1787 5051 1787 text 0
5558 2260 5614 2260 5614 2308 5558 2308 text 0
5554 2351 5619 2351 5619 2399 5554 2399 text 0
5570 2301 5602 2301 5602 2348 5570 2348 text 0
5935 1807 6078 1807 6078 1856 5935 1856 text 0
1275 5912 1419 5912 1419 5961 1275 5961 text 0
1275 5984 1419 5984 1419 6032 1275 6032 text 0
1385 5870 1418 5870 1418 5918 1385 5918 text 0
1338 6030 1418 6030 1418 6078 1338 6078 text 0
1898 947 2041 947 2041 996 1898 996 text 0
1682 947 1826 947 1826 996 1682 996 text 0
6139 1807 6283 1807 6283 1856 6139 1856 text 0
3791 702 3942 702 3942 750 3791 750 text 0
4210 297 4470 297 4470 375 4210 375 text 0
3897 383 4783 383 4783 441 3897 441 text 0
3791 584 4235 584 4235 632 3791 632 text 0
4512 525 4676 525 4676 573 4512 573 text 0
3791 525 4271 525 4271 573 3791 573 text 0
4548 584 4640 584 4640 632 4548 632 text 0
4502 466 4686 466 4686 514 4502 514 text 0
3791 466 4169 466 4169 514 3791 514 text 0
4566 761 4621 761 4621 809 4566 809 text 0
4582 643 4606 643 4606 691 4582 691 text 0
3791 820 3873 820 3873 868 3791 868 text 0
3791 761 3869 761 3869 809 3791 809 text 0
3791 643 4089 643 4089 691 3791 691 text 0
5498 388 6194 388 6194 435 5498 435 text 0
5717 304 5975 304 5975 366 5717 366 text 0
3456 2627 3512 2627 3512 2675 3456 2675 text 0
3460 2669 3508 2669 3508 2716 3460 2716 text 0
2968 2698 3023 2698 3023 2746 2968 2746 text 0
2971 2740 3019 2740 3019 2787 2971 2787 text 0
2263 4056 2319 4056 2319 4104 2263 4104 text 0
2267 4098 2315 4098 2315 4146 2267 4146 text 0
2968 4056 3023 4056 3023 4104 2968 4104 text 0
2971 4098 3019 4098 3019 4146 2971 4146 text 0
2968 3879 3023 3879 3023 3927 2968 3927 text 0
2969 3921 3021 3921 3021 3968 2969 3968 text 0
2376 3879 2432 3879 2432 3927 2376 3927 text 0
2378 3921 2430 3921 2430 3968 2378 3968 text 0
3900 2950 3969 2950 3969 2998 3900 2998 text 0
3279 2741 3334 2741 3334 2789 3279 2789 text 0
3281 2783 3332 2783 3332 2830 3281 2830 text 0
2173 4362 2433 4362 2433 4413 2173 4413 text 0
2246 4303 2359 4303 2359 4354 2246 4354 text 0
2246 4244 2359 4244 2359 4295 2246 4295 text 0
3531 2590 3791 2590 3791 2641 3531 2641 text 0
3604 2649 3717 2649 3717 2700 3604 2700 text 0
3604 2708 3717 2708 3717 2759 3604 2759 text 0
4157 4192 4277 4192 4277 4240 4157 4240 text 0
3939 4393 3998 4393 3998 4440 3939 4440 text 0
3939 4511 3998 4511 3998 4559 3939 4559 text 0
3939 4912 3998 4912 3998 4960 3939 4960 text 0
3939 4983 3998 4983 3998 5031 3939 5031 text 0
5185 5657 5304 5657 5304 5705 5185 5705 text 0
4381 4842 4501 4842 4501 4890 4381 4890 text 0
6826 1759 6946 1759 6946 1807 6826 1807 text 0
5682 1650 5717 1650 5717 1668 5682 1668 text 0
6541 1802 6616 1802 6616 1937 6541 1937 diaphragm 0
4887 5699 4962 5699 4962 5834 4887 5834 diaphragm 0
6124 2550 6094 2550 6094 2505 6124 2505 flanged_nozzle 0
5780 2505 5810 2505 5810 2550 5780 2550 flanged_nozzle 0
3757 5450 3757 5420 3802 5420 3802 5450 flanged_nozzle 0
3802 4032 3802 4062 3757 4062 3757 4032 flanged_nozzle 0
3920 4048 3920 4078 3875 4078 3875 4048 flanged_nozzle 0
4045 5030 4015 5030 4015 4985 4045 4985 flanged_nozzle 0
4045 4439 4015 4439 4015 4394 4045 4394 flanged_nozzle 0
3166 3378 3166 3348 3211 3348 3211 3378 flanged_nozzle 0
3211 3567 3211 3597 3166 3597 3166 3567 flanged_nozzle 0
3024 3378 3024 3348 3069 3348 3069 3378 flanged_nozzle 0
2575 3597 2575 3567 2620 3567 2620 3597 flanged_nozzle 0
4045 4558 4015 4558 4015 4513 4045 4513 flanged_nozzle 0
4045 4959 4015 4959 4015 4914 4045 4914 flanged_nozzle 0
3094 3366 3283 3366 3283 3578 3094 3578 front_end_type_a 0
2371 3371 2564 3371 2564 3573 2371 3573 real_end_type_s 0
7670 6344 7683 6344 7683 6388 7670 6388 end_gap 0
